+---------------------------------------------------------------------------------------------------------------------------------------------------------------------------------------------------------------------------------------------------+
; Legal Partition Candidates                                                                                                                                                                                                                        ;
+----------------------------------------------+-------+----------------+--------------+----------------+--------+-----------------+---------------+-----------------+-------+----------------+--------------+------------------+-------------------+
; Hierarchy                                    ; Input ; Constant Input ; Unused Input ; Floating Input ; Output ; Constant Output ; Unused Output ; Floating Output ; Bidir ; Constant Bidir ; Unused Bidir ; Input only Bidir ; Output only Bidir ;
+----------------------------------------------+-------+----------------+--------------+----------------+--------+-----------------+---------------+-----------------+-------+----------------+--------------+------------------+-------------------+
; u_soc|u_poly1305|u_core                      ; 394   ; 0              ; 22           ; 0              ; 131    ; 0               ; 0             ; 0               ; 0     ; 0              ; 0            ; 0                ; 0                 ;
; u_soc|u_poly1305                             ; 87    ; 8              ; 30           ; 8              ; 52     ; 8               ; 8             ; 8               ; 0     ; 0              ; 0            ; 0                ; 0                 ;
; u_soc|u_chacha20|u_core|gen_qr[3].u_qr       ; 128   ; 0              ; 0            ; 0              ; 128    ; 0               ; 0             ; 0               ; 0     ; 0              ; 0            ; 0                ; 0                 ;
; u_soc|u_chacha20|u_core|gen_qr[2].u_qr       ; 128   ; 0              ; 0            ; 0              ; 128    ; 0               ; 0             ; 0               ; 0     ; 0              ; 0            ; 0                ; 0                 ;
; u_soc|u_chacha20|u_core|gen_qr[1].u_qr       ; 128   ; 0              ; 0            ; 0              ; 128    ; 0               ; 0             ; 0               ; 0     ; 0              ; 0            ; 0                ; 0                 ;
; u_soc|u_chacha20|u_core|gen_qr[0].u_qr       ; 128   ; 0              ; 0            ; 0              ; 128    ; 0               ; 0             ; 0               ; 0     ; 0              ; 0            ; 0                ; 0                 ;
; u_soc|u_chacha20|u_core                      ; 387   ; 0              ; 0            ; 0              ; 514    ; 0               ; 0             ; 0               ; 0     ; 0              ; 0            ; 0                ; 0                 ;
; u_soc|u_chacha20                             ; 87    ; 8              ; 30           ; 8              ; 52     ; 8               ; 8             ; 8               ; 0     ; 0              ; 0            ; 0                ; 0                 ;
; u_soc|u_dma|u_dma_controller|u_bus_master    ; 150   ; 18             ; 15           ; 18             ; 122    ; 18              ; 18            ; 18              ; 0     ; 0              ; 0            ; 0                ; 0                 ;
; u_soc|u_dma|u_dma_controller|u_arbiter       ; 6     ; 0              ; 0            ; 0              ; 5      ; 0               ; 0             ; 0               ; 0     ; 0              ; 0            ; 0                ; 0                 ;
; u_soc|u_dma|u_dma_controller|u_ch1           ; 121   ; 0              ; 0            ; 0              ; 117    ; 0               ; 0             ; 0               ; 0     ; 0              ; 0            ; 0                ; 0                 ;
; u_soc|u_dma|u_dma_controller|u_ch0           ; 121   ; 0              ; 0            ; 0              ; 117    ; 0               ; 0             ; 0               ; 0     ; 0              ; 0            ; 0                ; 0                 ;
; u_soc|u_dma|u_dma_controller                 ; 219   ; 0              ; 0            ; 0              ; 125    ; 0               ; 0             ; 0               ; 0     ; 0              ; 0            ; 0                ; 0                 ;
; u_soc|u_dma                                  ; 138   ; 8              ; 28           ; 8              ; 137    ; 8               ; 8             ; 8               ; 0     ; 0              ; 0            ; 0                ; 0                 ;
; u_soc|u_uart_bridge|u_rx                     ; 3     ; 0              ; 0            ; 0              ; 10     ; 0               ; 0             ; 0               ; 0     ; 0              ; 0            ; 0                ; 0                 ;
; u_soc|u_uart_bridge|u_tx                     ; 11    ; 0              ; 0            ; 0              ; 3      ; 0               ; 0             ; 0               ; 0     ; 0              ; 0            ; 0                ; 0                 ;
; u_soc|u_uart_bridge                          ; 88    ; 6              ; 36           ; 6              ; 52     ; 6               ; 6             ; 6               ; 0     ; 0              ; 0            ; 0                ; 0                 ;
; u_soc|u_peri_adapter|u_peripherals|ssc_upper ; 32    ; 0              ; 16           ; 0              ; 28     ; 0               ; 0             ; 0               ; 0     ; 0              ; 0            ; 0                ; 0                 ;
; u_soc|u_peri_adapter|u_peripherals|ssc_lower ; 32    ; 0              ; 16           ; 0              ; 28     ; 0               ; 0             ; 0               ; 0     ; 0              ; 0            ; 0                ; 0                 ;
; u_soc|u_peri_adapter|u_peripherals           ; 87    ; 0              ; 12           ; 0              ; 184    ; 0               ; 0             ; 0               ; 0     ; 0              ; 0            ; 0                ; 0                 ;
; u_soc|u_peri_adapter                         ; 119   ; 29             ; 19           ; 29             ; 171    ; 29              ; 29            ; 29              ; 0     ; 0              ; 0            ; 0                ; 0                 ;
; u_soc|u_mem_adapter|u_memory                 ; 54    ; 0              ; 2            ; 0              ; 64     ; 0               ; 0             ; 0               ; 0     ; 0              ; 0            ; 0                ; 0                 ;
; u_soc|u_mem_adapter                          ; 87    ; 7              ; 19           ; 7              ; 51     ; 7               ; 7             ; 7               ; 0     ; 0              ; 0            ; 0                ; 0                 ;
; u_soc|u_crossbar                             ; 478   ; 2              ; 2            ; 2              ; 612    ; 2               ; 2             ; 2               ; 0     ; 0              ; 0            ; 0                ; 0                 ;
; u_soc|u_cpu|forwarding_unit_inst             ; 98    ; 0              ; 62           ; 0              ; 6      ; 0               ; 0             ; 0               ; 0     ; 0              ; 0            ; 0                ; 0                 ;
; u_soc|u_cpu|hazard_detection_inst            ; 101   ; 0              ; 78           ; 0              ; 4      ; 0               ; 0             ; 0               ; 0     ; 0              ; 0            ; 0                ; 0                 ;
; u_soc|u_cpu|WB_inst|mux_wb                   ; 98    ; 0              ; 0            ; 0              ; 32     ; 0               ; 0             ; 0               ; 0     ; 0              ; 0            ; 0                ; 0                 ;
; u_soc|u_cpu|WB_inst                          ; 130   ; 0              ; 32           ; 0              ; 32     ; 0               ; 0             ; 0               ; 0     ; 0              ; 0            ; 0                ; 0                 ;
; u_soc|u_cpu|MEM_WB_reg_inst                  ; 167   ; 0              ; 0            ; 0              ; 164    ; 0               ; 0             ; 0               ; 0     ; 0              ; 0            ; 0                ; 0                 ;
; u_soc|u_cpu|MEM_tl_inst|u_host_adapter       ; 126   ; 6              ; 15           ; 6              ; 120    ; 6               ; 6             ; 6               ; 0     ; 0              ; 0            ; 0                ; 0                 ;
; u_soc|u_cpu|MEM_tl_inst|u_PCplus4            ; 32    ; 0              ; 0            ; 0              ; 32     ; 0               ; 0             ; 0               ; 0     ; 0              ; 0            ; 0                ; 0                 ;
; u_soc|u_cpu|MEM_tl_inst                      ; 189   ; 0              ; 26           ; 0              ; 152    ; 0               ; 0             ; 0               ; 0     ; 0              ; 0            ; 0                ; 0                 ;
; u_soc|u_cpu|EX_MEM_reg_inst                  ; 140   ; 0              ; 0            ; 0              ; 137    ; 0               ; 0             ; 0               ; 0     ; 0              ; 0            ; 0                ; 0                 ;
; u_soc|u_cpu|EX_inst|brc                      ; 65    ; 0              ; 0            ; 0              ; 2      ; 0               ; 0             ; 0               ; 0     ; 0              ; 0            ; 0                ; 0                 ;
; u_soc|u_cpu|EX_inst|alu                      ; 68    ; 0              ; 0            ; 0              ; 32     ; 0               ; 0             ; 0               ; 0     ; 0              ; 0            ; 0                ; 0                 ;
; u_soc|u_cpu|EX_inst|mux_opb                  ; 65    ; 0              ; 0            ; 0              ; 32     ; 0               ; 0             ; 0               ; 0     ; 0              ; 0            ; 0                ; 0                 ;
; u_soc|u_cpu|EX_inst|mux_opa                  ; 65    ; 0              ; 0            ; 0              ; 32     ; 0               ; 0             ; 0               ; 0     ; 0              ; 0            ; 0                ; 0                 ;
; u_soc|u_cpu|EX_inst|mux4_fw_B                ; 130   ; 0              ; 0            ; 0              ; 32     ; 0               ; 0             ; 0               ; 0     ; 0              ; 0            ; 0                ; 0                 ;
; u_soc|u_cpu|EX_inst|mux4_fw_A                ; 130   ; 0              ; 0            ; 0              ; 32     ; 0               ; 0             ; 0               ; 0     ; 0              ; 0            ; 0                ; 0                 ;
; u_soc|u_cpu|EX_inst|mux_pc_plus4_fw_B        ; 65    ; 0              ; 0            ; 0              ; 32     ; 0               ; 0             ; 0               ; 0     ; 0              ; 0            ; 0                ; 0                 ;
; u_soc|u_cpu|EX_inst|mux_pc_plus4_fw_A        ; 65    ; 0              ; 0            ; 0              ; 32     ; 0               ; 0             ; 0               ; 0     ; 0              ; 0            ; 0                ; 0                 ;
; u_soc|u_cpu|EX_inst                          ; 313   ; 0              ; 33           ; 0              ; 66     ; 0               ; 0             ; 0               ; 0     ; 0              ; 0            ; 0                ; 0                 ;
; u_soc|u_cpu|ID_EX_reg_inst                   ; 183   ; 0              ; 0            ; 0              ; 179    ; 0               ; 0             ; 0               ; 0     ; 0              ; 0            ; 0                ; 0                 ;
; u_soc|u_cpu|ID_inst|control_logic            ; 32    ; 0              ; 21           ; 0              ; 23     ; 0               ; 0             ; 0               ; 0     ; 0              ; 0            ; 0                ; 0                 ;
; u_soc|u_cpu|ID_inst|ImmGen                   ; 35    ; 0              ; 7            ; 0              ; 32     ; 0               ; 0             ; 0               ; 0     ; 0              ; 0            ; 0                ; 0                 ;
; u_soc|u_cpu|ID_inst|RegFile                  ; 50    ; 0              ; 0            ; 0              ; 64     ; 0               ; 0             ; 0               ; 0     ; 0              ; 0            ; 0                ; 0                 ;
; u_soc|u_cpu|ID_inst                          ; 104   ; 0              ; 32           ; 0              ; 115    ; 0               ; 0             ; 0               ; 0     ; 0              ; 0            ; 0                ; 0                 ;
; u_soc|u_cpu|IF_ID_reg_inst                   ; 68    ; 0              ; 0            ; 0              ; 64     ; 0               ; 0             ; 0               ; 0     ; 0              ; 0            ; 0                ; 0                 ;
; u_soc|u_cpu|IF_inst|IMem                     ; 33    ; 0              ; 19           ; 0              ; 32     ; 0               ; 0             ; 0               ; 0     ; 0              ; 0            ; 0                ; 0                 ;
; u_soc|u_cpu|IF_inst|pc                       ; 35    ; 0              ; 0            ; 0              ; 32     ; 0               ; 0             ; 0               ; 0     ; 0              ; 0            ; 0                ; 0                 ;
; u_soc|u_cpu|IF_inst|PCplus4                  ; 32    ; 0              ; 0            ; 0              ; 32     ; 0               ; 0             ; 0               ; 0     ; 0              ; 0            ; 0                ; 0                 ;
; u_soc|u_cpu|IF_inst                          ; 36    ; 0              ; 0            ; 0              ; 64     ; 0               ; 0             ; 0               ; 0     ; 0              ; 0            ; 0                ; 0                 ;
; u_soc|u_cpu                                  ; 53    ; 0              ; 0            ; 0              ; 184    ; 0               ; 0             ; 0               ; 0     ; 0              ; 0            ; 0                ; 0                 ;
; u_soc                                        ; 13    ; 0              ; 0            ; 0              ; 99     ; 0               ; 0             ; 0               ; 0     ; 0              ; 0            ; 0                ; 0                 ;
+----------------------------------------------+-------+----------------+--------------+----------------+--------+-----------------+---------------+-----------------+-------+----------------+--------------+------------------+-------------------+
